545  
531  
511  
509  
503  
501  
502  
485  
500  
513  
508  
493  
510  
522  
517  
527  
538  
539  
532  
535  
528  
516  
532  
504  
504  
513  
506  
520  
520  
496  
517  
526  
520  
520  
533  
523  
513  
520  
534  
529  
530  
516  
526  
511  
525  
512  
513  
520  
513  
527  
521  
514  
525  
523  
537  
535  
538  
536  
544  
526  
531  
534  
501  
534  
524  
531  
510  
523  
527  
538  
523  
530  
535  
527  
523  
530  
519  
525  
535  
538  
529  
533  
515  
512  
509  
511  
520  
506  
519  
509  
526  
516  
514  
524  
531  
543  
535  
537  
538  
536  
532  
545  
534  
507  
517  
505  
526  
524  
528  
510  
507  
513  
539  
542  
530  
535  
544  
529  
537  
538  
546  
529  
512  
514  
504  
513  
511  
512  
523  
518  
518  
521  
522  
536  
553  
539  
538  
536  
552  
545  
549  
548  
537  
527  
512  
521  
523  
518  
534  
519  
519  
523  
532  
539  
538  
537  
558  
530  
543  
548  
