10094.3  
9992.05  
9729.5  
9427.29  
9388.21  
9386.46  
9442.06  
9552.06  
9495.8  
9575.14  
9489.45  
9714.03  
9849.36  
9850.68  
9947.18  
10048  
10135.9  
10118.7  
10222  
10178.3  
10025.8  
9868.03  
9551.37  
9585.44  
9555.61  
9539.88  
9508.96  
9518.47  
9508.15  
9554.34  
9550.71  
9780.23  
9906.99  
9965.7  
10019.6  
9968.01  
9993.48  
9998.93  
10076.3  
10133.3  
10007  
9882.99  
9650.21  
9415.83  
9516.94  
9410.95  
9592.07  
9502.54  
9655.33  
9609.09  
9698.49  
9762.47  
9886.71  
9917.33  
10021.9  
9978.97  
10119  
9949.13  
9976  
9936.1  
10029.9  
9871.18  
9644.63  
9618.54  
9437.64  
9599.73  
9564.37  
9599.35  
9586.28  
9657.21  
9603.97  
9763.17  
9811.77  
9846.88  
10017.3  
9993.96  
9996.75  
9981.45  
9955.53  
9946.4  
9909.7  
9804.26  
9488.02  
9453.54  
9423.25  
9554.47  
9470.36  
9494.62  
9503.52  
9624.18  
9655.2  
9680.6  
9784.95  
9846.23  
10056.1  
10028.5  
9936.59  
9943.91  
10040.6  
9990.69  
10000.3  
9929  
9718.31  
9410.56  
9397.59  
9431.95  
9678.83  
9441.4  
9471.46  
9609.02  
9520.31  
9666.35  
9792.32  
9961.9  
9974.32  
10095.8  
10098.1  
10078.8  
10038.5  
10090.3  
9944.06  
9808.9  
9521.71  
9371.37  
9389.68  
9423.07  
9536.9  
9422.87  
9475.88  
9566.41  
9612.62  
9631.83  
9734.51  
9845.42  
9910.05  
9886.98  
9948.54  
9921.47  
9896.76  
10000.5  
9877.53  
9829.16  
9594.62  
9421.37  
9523.56  
9397.65  
9415.93  
9552.56  
9601.26  
9541.45  
9502.37  
9678.08  
9813.05  
9846.87  
9956.29  
9953.62  
9981.27  
10067.8  
10039  
9971.47  
