610  
581  
555  
576  
581  
599  
586  
578  
571  
574  
565  
590  
564  
581  
591  
578  
578  
574  
588  
566  
582  
579  
590  
571  
574  
577  
593  
576  
580  
572  
567  
555  
551  
566  
577  
575  
572  
570  
577  
566  
572  
577  
565  
556  
568  
564  
555  
564  
578  
563  
559  
577  
572  
582  
567  
572  
570  
559  
569  
581  
564  
566  
574  
573  
568  
565  
550  
552  
556  
569  
564  
579  
584  
559  
570  
569  
561  
556  
566  
559  
559  
540  
546  
554  
549  
549  
564  
560  
549  
556  
564  
556  
560  
553  
561  
561  
557  
535  
564  
549  
531  
551  
547  
555  
553  
565  
554  
544  
545  
563  
559  
550  
555  
562  
555  
545  
551  
563  
558  
532  
545  
548  
550  
554  
554  
541  
531  
526  
563  
548  
556  
540  
542  
556  
550  
545  
549  
549  
552  
543  
536  
548  
555  
568  
541  
558  
561  
548  
535  
551  
545  
528  
544  
555  
548  
535  
507  
536  
531  
536  
539  
549  
540  
552  
540  
545  
541  
540  
553  
560  
552  
535  
546  
543  
537  
558  
541  
546  
546  
551  
538  
539  
528  
534  
549  
541  
534  
527  
538  
546  
548  
538  
531  
522  
540  
549  
546  
549  
553  
550  
549  
545  
544  
549  
536  
549  
536  
534  
549  
542  
528  
541  
547  
545  
518  
549  
544  
534  
543  
541  
536  
547  
550  
551  
550  
536  
544  
557  
538  
525  
554  
538  
554  
551  
541  
529  
545  
541  
546  
536  
